// Dynamic Pickups Format = X, Y, Z, Type, Spawn Type
1553.952514 -1675.768188 16.195312 1239 1
255.435470 74.301368 1003.640625 1239 1
252.690429 86.955139 1002.445312 1242 1
246.753189 64.514495 1003.640625 1239 1
1779.264160 -1576.547363 1734.942993 1239 1
1799.187500 -1577.862060 14.075016 1239 1
1788.401855 -1592.208251 13.488862 1247 1
1834.548461 -1682.516601 13.426916 1239 1
1833.028930 -1842.508666 13.578125 1239 1
1846.550903 -1871.922851 13.578125 1239 1
1723.476562 -1863.928710 13.574474 1314 1
1567.946411 -1896.863403 13.560606 1239 1
1412.435546 -1700.350708 13.539485 1239 1
1420.245727 -1623.743530 13.546875 1239 1
1531.198974 -1448.506835 13.382812 1239 1
1323.547119 -1713.724365 13.539485 1239 1
1081.202758 -1698.541381 13.546875 1239 1
1005.034851 52.146427 55.322113 1239 1
1173.300415 -1323.306884 15.393655 1239 1
1367.687255 -1280.052490 13.546875 1239 1
1310.117919 -1368.592529 13.551125 1239 1
1930.057739 -1776.212280 13.546875 1239 1
2001.852783 -1760.695190 13.539081 1239 1
2104.057373 -1806.608886 13.554687 1239 1
1952.515991 -2041.454833 13.546875 1239 1
2228.666992 -1722.110229 13.562500 1239 1
2244.696533 -1664.548217 15.476562 1239 1
2497.477783 -1750.093017 13.454880 1239 1
